
id:0
date:13/01/2025 a 18:18
score:220
poly:05,55,50 550,055 05,55,50 550,055 
x:4
y:2
ori:0
nextPoly:111,001 01,01,11 100,111 11,10,10 
polyLst:33,33 33,33 33,33 33,33 2222 2,2,2,2 2222 2,2,2,2 05,55,50 550,055 05,55,50 550,055 11,01,01 001,111 10,10,11 111,100 222,020 02,22,02 020,222 20,22,20 111,001 01,01,11 100,111 11,10,10 044,440 40,44,04 044,440 40,44,04 
squareColors:0 #d7f713 #a07204 #07847a #dc868a #460f52 #8fd4ce #b99e83 #b2b7bf #b2b7bf 
grid:0000000000,0000000000,0000050000,0000550000,0000500000,0000000000,0000000000,0000000000,0000000000,0000000000,0000000000,0000000000,0000000000,0000000000,0000000000,0000000000,0000000000,0000000000,0000000000,0000000000,0000000000,2200002000,2233022044,2220001112 
varActiv:

id:1
date:13/01/2025 a 18:18
score:5040
poly:02,22,20 220,022 02,22,20 220,022 
x:2
y:2
ori:0
nextPoly:55,55 55,55 55,55 55,55 
polyLst:222,200 22,02,02 002,222 20,20,22 2,2,2,2 2222 2,2,2,2 2222 055,550 50,55,05 055,550 50,55,05 33,30,30 333,003 03,03,33 300,333 55,55 55,55 55,55 55,55 222,020 02,22,02 020,222 20,22,20 02,22,20 220,022 02,22,20 220,022 
squareColors:0 #5aa0a5 #adec4e #b855cb #eb8383 #fe37e0 #38dc30 #6a798b #b2b7bf #b2b7bf 
grid:0000000000,0000000000,0002000000,0022000000,0020000000,0000000000,0000000000,0000000000,0000000000,0000000000,0000000000,0000000000,0000000000,0000000000,0000000000,0333055000,5023225500,2622552220,6603305544,4550322223,5522252250,5112022422,0563333335,5564101112 
varActiv:IA 
